1020 8 
1977 791 
1847 2059 
1244 21 
2388 4 
2151 17 
391 19 
2363 1789 
353 22 
2402 34 
2280 7 
942 171 
653 1182 
2292 5 
0 181 
685 57 
2372 34 
1040 3 
1821 1957 
2073 1232 
2064 15 
892 562 
918 12 
787 793 
247 1594 
1578 224 
1866 28 
2120 21 
1842 4 
1479 30 
88 14 
1727 22 
1191 57 
2061 10 
675 57 
34 1471 
280 27 
2006 19 
1650 7 
531 18 
2231 25 
1482 2249 
2057 3 
2208 15 
1400 53 
1238 1790 
1615 5 
337 25 
1348 11 
563 133 
1945 12 
744 1403 
2119 25 
2243 15 
2291 4 
1108 967 
834 1957 
9 722 
1818 0 
2418 12 
759 13 
424 1833 
2031 967 
2401 22 
501 1594 
1799 23 
1426 2249 
295 12 
1180 19 
1857 25 
1098 92 
62 23 
2068 25 
1890 6 
324 8 
252 34 
2085 8 
821 14 
2327 6 
1008 24 
738 1578 
1742 0 
1021 14 
410 19 
10 1640 
1724 1957 
902 11 
1003 32 
505 1789 
547 34 
681 57 
1019 1 
844 21 
1698 133 
473 7 
286 171 
1305 967 
875 32 
1911 29 
872 25 
1163 13 
1996 1232 
483 1789 
1187 29 
1094 967 
1894 2436 
1134 1902 
1973 2249 
147 28 
1364 713 
298 1578 
589 967 
1486 23 
1333 24 
1135 778 
2138 2 
687 29 
2157 396 
1707 7 
1940 30 
530 53 
682 24 
1147 14 
1438 15 
1670 9 
2328 47 
1263 16 
795 15 
104 8 
1225 13 
1531 6 
474 1833 
2185 23 
1586 32 
253 34 
1688 16 
1138 70 
546 23 
1920 0 
2001 22 
2417 171 
273 16 
1085 2249 
1044 20 
2112 967 
293 20 
2043 1 
2290 25 
663 47 
1246 12 
842 2 
73 56 
1766 1660 
99 6 
93 24 
793 229 
2235 29 
1528 562 
2393 29 
993 34 
1077 1594 
596 24 
1120 108 
1440 1833 
677 17 
41 5 
2415 6 
1302 579 
1418 16 
1930 975 
2188 374 
579 77 
2343 8 
519 18 
1754 1232 
1946 47 
1772 19 
560 8 
1216 24 
1444 22 
1266 1976 
1763 1790 
575 334 
328 28 
1182 1729 
614 793 
1129 1084 
1854 13 
1800 26 
1947 9 
2239 1578 
871 24 
1049 3 
1278 3 
2078 11 
376 171 
1868 1957 
1463 14 
1790 1158 
1915 29 
2395 171 
113 1624 
1481 1578 
479 22 
2302 23 
514 2 
1017 30 
143 7 
368 11 
2282 16 
801 2249 
1906 2249 
615 2 
1062 23 
607 1578 
2039 1790 
2052 20 
1249 15 
1240 7 
1948 8 
724 15 
1122 374 
741 2 
1150 2436 
683 1594 
657 14 
845 1789 
1056 8 
733 787 
297 793 
2124 4 
476 14 
833 1594 
2408 5 
841 1789 
2228 7 
1566 6 
2298 27 
399 7 
1884 5 
1461 14 
287 0 
432 7 
1475 32 
1465 374 
2140 1084 
22 1421 
1243 3 
1010 2436 
1411 24 
1106 10 
1447 1545 
1335 12 
952 581 
765 2249 
2317 3 
1034 967 
1544 2436 
552 967 
1745 1232 
2174 16 
1938 17 
554 25 
910 28 
2409 4 
2046 21 
1892 2309 
260 32 
458 2059 
37 4 
455 9 
799 22 
27 153 
1704 7 
1303 793 
2334 374 
731 8 
568 562 
49 4 
1934 1790 
1272 24 
1747 1 
1730 13 
1276 396 
807 1957 
2289 28 
1233 1232 
1015 16 
2253 0 
1929 3 
1649 53 
1959 5 
475 25 
414 25 
3 1685 
241 53 
1554 1833 
945 29 
1624 1823 
2079 26 
613 1790 
1520 374 
330 25 
1330 11 
1156 382 
384 3 
1380 1605 
2182 26 
2259 26 
2134 1594 
2437 1458 
915 11 
1038 2436 
2275 5 
550 0 
1260 53 
1956 12 
1097 8 
1497 24 
333 23 
1553 1578 
1833 2221 
2034 22 
1201 29 
827 1957 
498 171 
406 0 
1118 1232 
2165 12 
747 1789 
1299 2118 
577 2 
1324 2000 
184 14 
437 1448 
1079 10 
1689 1 
1550 1403 
76 32 
1326 16 
154 4 
1501 1957 
1861 5 
1199 29 
1619 22 
261 1833 
695 24 
1926 53 
1843 10 
1853 1957 
1476 1902 
299 26 
1784 3 
1850 7 
176 1789 
669 133 
1495 20 
1514 1833 
1606 11 
1515 8 
2105 25 
906 11 
717 374 
272 24 
2139 1594 
238 4 
2195 21 
2400 13 
2303 7 
775 1182 
1676 1578 
23 2254 
1026 6 
1690 24 
980 24 
692 108 
2311 24 
1329 16 
1563 4 
1594 2203 
33 3 
2 20 
1716 23 
314 1957 
1091 30 
712 1789 
985 23 
2215 8 
1588 1789 
2107 374 
1545 488 
2428 26 
1410 22 
2295 14 
1714 108 
373 791 
1288 374 
538 29 
1224 19 
1899 34 
1234 1 
266 14 
673 562 
2403 374 
763 1594 
165 4 
2041 1594 
1066 2249 
2175 14 
796 1957 
609 7 
409 14 
142 9 
1616 26 
809 3 
1882 4 
1830 14 
1349 2249 
1069 25 
874 1789 
825 10 
156 9 
360 26 
696 34 
429 11 
166 34 
47 2162 
2362 1790 
2096 2249 
131 0 
1666 656 
461 374 
1343 374 
510 3 
1467 34 
367 772 
2049 53 
1910 415 
1523 500 
1955 1833 
1417 113 
594 19 
896 171 
636 13 
72 10 
1888 1594 
751 20 
521 53 
1647 10 
95 11 
930 8 
248 10 
1986 1582 
107 4 
275 171 
867 15 
534 1764 
1967 1582 
1949 22 
1507 1963 
581 367 
230 9 
2261 2 
1682 23 
1328 13 
778 2263 
25 1461 
1088 618 
507 28 
640 70 
894 171 
201 28 
1427 3 
1439 16 
218 967 
1952 18 
1070 77 
1493 12 
1740 1902 
895 618 
2242 8 
1509 23 
316 20 
1172 19 
352 25 
597 8 
2329 3 
1655 1 
1701 2249 
734 2249 
181 19 
1848 22 
1522 1930 
1084 282 
1527 967 
1732 19 
2010 374 
540 29 
704 1790 
1937 20 
1762 9 
1290 9 
2090 16 
1530 14 
246 24 
1397 20 
1621 25 
1895 28 
1538 5 
649 1403 
1584 53 
2106 25 
2273 11 
311 1578 
864 7 
1319 6 
1229 9 
870 29 
1262 793 
308 28 
1613 20 
1142 47 
1252 2 
157 10 
860 30 
782 25 
2024 1957 
197 92 
1667 16 
1917 26 
1976 133 
1710 372 
1270 579 
1072 1957 
974 77 
1990 6 
2245 859 
2278 7 
477 53 
1395 1833 
1583 92 
129 4 
1477 382 
2383 2436 
969 18 
2339 25 
1363 24 
865 1230 
1555 25 
139 11 
2212 562 
2421 26 
1661 2059 
2238 2436 
2230 19 
359 7 
811 11 
1425 25 
2335 967 
171 584 
748 1790 
803 1833 
1211 29 
2246 28 
621 92 
2037 26 
2218 16 
1032 967 
2210 21 
1856 8 
164 15 
259 57 
674 6 
679 10 
1206 7 
1539 775 
2276 1594 
1458 488 
1456 29 
1441 2 
735 2249 
217 4 
2330 11 
1110 10 
1292 7 
2126 6 
1291 21 
16 2095 
1972 1594 
790 20 
898 133 
445 10 
707 13 
1487 374 
1317 19 
1054 8 
933 20 
1844 1789 
1862 2436 
1323 25 
2313 14 
645 26 
1028 1403 
1232 343 
2093 9 
967 1561 
1774 7 
808 20 
2063 23 
2181 8 
1603 11 
268 967 
267 9 
1336 29 
2163 24 
772 972 
122 4 
439 16 
415 1545 
593 1656 
1640 374 
2102 14 
1521 2 
1376 1594 
2204 171 
1684 374 
994 6 
921 32 
2367 22 
1423 1789 
2359 20 
1591 11 
706 4 
2376 2059 
1485 374 
2159 18 
1367 19 
533 19 
938 11 
1622 29 
1547 15 
1664 1790 
2265 7 
1525 12 
1332 7 
1192 23 
1510 967 
822 967 
2410 20 
229 2062 
208 5 
2385 7 
336 23 
979 113 
226 26 
1140 13 
2035 8 
2266 1578 
2269 1594 
785 25 
1169 14 
1267 8 
1532 1084 
1080 20 
1789 1239 
1699 16 
1989 21 
2136 21 
1548 20 
1155 12 
1101 2249 
1819 1790 
961 34 
494 772 
539 18 
1039 1403 
502 13 
1824 18 
2098 30 
1422 26 
701 1578 
1055 133 
1141 26 
503 12 
2279 32 
635 20 
2256 7 
2283 7 
1471 29 
325 27 
1111 1232 
2405 0 
1998 1578 
1995 28 
1175 374 
714 1957 
746 1789 
1734 7 
819 16 
2088 1804 
1812 5 
1370 0 
2299 25 
1828 19 
46 1789 
1587 1790 
1133 1 
1944 1232 
2232 14 
1764 1814 
1009 14 
2203 15 
1371 171 
1035 1232 
1313 70 
1373 1814 
212 32 
981 14 
2287 23 
887 171 
2419 22 
1981 27 
342 23 
878 374 
1222 23 
928 579 
2324 53 
1217 16 
183 24 
1387 10 
71 10 
1924 1 
321 27 
2038 32 
632 12 
2444 16 
366 23 
1758 6 
371 5 
2202 94 
1219 21 
2399 0 
464 2436 
628 9 
549 171 
630 3 
1600 27 
140 1232 
830 21 
1114 22 
1195 92 
2310 27 
57 500 
1161 1594 
1242 10 
1207 29 
1022 20 
802 10 
2014 967 
2198 1789 
2207 1790 
2306 7 
411 6 
1987 1957 
440 0 
276 1957 
204 27 
345 1403 
172 5 
2173 1594 
1194 23 
868 10 
1403 570 
2196 15 
331 967 
982 6 
1351 7 
728 787 
70 1070 
18 908 
2441 19 
486 1 
652 1957 
377 15 
1974 25 
30 688 
481 2436 
854 1814 
378 1789 
1694 1342 
2150 2249 
1204 30 
1223 1728 
1991 21 
1811 53 
2216 14 
1902 787 
654 16 
1552 1789 
54 21 
1644 967 
281 967 
66 2436 
2160 23 
1755 53 
1144 2 
400 4 
1829 8 
2142 13 
78 25 
1190 1957 
1109 19 
1598 5 
527 15 
840 10 
668 53 
1459 579 
1228 18 
2029 2 
413 374 
1568 1232 
644 967 
1300 21 
68 20 
2373 14 
1189 47 
641 16 
207 9 
2092 92 
2036 1232 
569 19 
1489 70 
2309 494 
2240 53 
776 659 
1896 27 
2316 18 
1430 1902 
1112 92 
1508 27 
1402 967 
262 562 
2424 0 
447 2249 
150 24 
2411 7 
1455 73 
174 4 
1691 22 
1961 2436 
32 25 
639 1 
45 7 
1673 562 
953 2389 
468 8 
797 1789 
189 579 
2427 30 
1816 7 
1537 0 
1340 15 
2141 2 
548 8 
585 6 
1979 171 
2254 7 
2356 1790 
1524 1594 
1446 14 
434 1833 
852 2249 
873 781 
1124 19 
1570 29 
686 374 
2003 14 
484 2062 
1983 7 
40 1790 
1016 25 
1033 12 
446 47 
2446 108 
441 16 
379 10 
1086 374 
1257 18 
1154 1 
1121 7 
970 32 
258 171 
1711 967 
2381 26 
188 14 
1733 437 
466 29 
493 5 
932 1789 
2304 27 
1470 14 
28 2033 
453 1232 
2065 8 
2171 2249 
700 787 
1126 15 
1448 1230 
1867 9 
1236 1833 
1672 1594 
1761 12 
780 32 
884 11 
74 1578 
1573 53 
1923 1790 
1227 171 
1958 14 
516 1789 
1813 14 
1116 16 
1677 20 
1518 2 
2293 6 
1702 27 
31 24 
1048 14 
1185 8 
535 953 
2384 11 
882 25 
1075 1789 
1064 19 
126 25 
2286 716 
322 7 
1197 92 
282 382 
2033 28 
1269 562 
504 7 
488 415 
1618 2436 
937 9 
1643 6 
578 1594 
182 1578 
1454 20 
947 2118 
713 1303 
2087 20 
564 25 
1307 372 
2152 13 
2161 23 
36 28 
1602 11 
595 1 
426 14 
452 19 
1874 6 
1780 29 
1042 32 
769 1789 
975 372 
158 1790 
423 25 
326 0 
605 14 
1375 22 
1279 18 
370 4 
1692 29 
1255 772 
1012 10 
1809 967 
1765 1694 
984 24 
1992 1578 
2426 29 
1839 22 
2241 1930 
1293 108 
2121 967 
2314 3 
1651 29 
2341 114 
1801 9 
1383 21 
1617 11 
816 7 
1275 382 
100 26 
1239 2 
708 3 
966 500 
810 1578 
2407 22 
986 1578 
216 29 
2250 1536 
198 171 
1533 17 
2114 92 
1580 27 
753 12 
1873 14 
1361 562 
1629 10 
1604 967 
2264 171 
1391 12 
1783 21 
372 865 
2045 14 
278 17 
2217 967 
1541 25 
1006 1976 
2386 1232 
1248 1790 
162 77 
2325 9 
2032 1594 
179 23 
300 14 
1932 2436 
962 14 
689 8 
44 30 
2420 25 
1401 12 
98 18 
750 21 
1073 3 
862 1 
2053 1578 
145 7 
289 1833 
2077 1 
1943 32 
508 2436 
459 4 
2347 1232 
1595 22 
602 16 
235 16 
729 1957 
2404 1789 
2226 967 
2345 2436 
1641 382 
2130 8 
2382 26 
408 2436 
1815 2249 
1374 10 
1860 1957 
1283 967 
1680 28 
1849 3 
1483 1594 
255 24 
1596 1578 
929 23 
237 4 
650 1833 
120 28 
1717 374 
1413 12 
1203 29 
362 25 
537 14 
756 22 
1137 2436 
2015 4 
1953 2436 
1663 12 
369 1232 
425 7 
855 16 
911 23 
1999 24 
80 7 
813 458 
159 3 
2193 1790 
123 967 
670 20 
1004 374 
2011 2249 
1782 4 
48 21 
1449 1 
1327 24 
2322 30 
2016 6 
1681 812 
879 1232 
320 23 
1750 562 
1437 1594 
1825 374 
2082 1833 
69 7 
1235 2 
29 1838 
1289 1957 
482 1789 
160 77 
557 15 
1143 382 
1557 2436 
1980 2241 
1198 1624 
487 26 
133 895 
2255 12 
977 171 
2422 30 
678 133 
1741 26 
722 2436 
899 171 
1802 1804 
643 19 
2394 24 
111 374 
381 171 
383 53 
1705 16 
1659 92 
448 23 
1179 92 
1196 6 
1369 6 
1605 1380 
361 1 
1693 967 
1674 32 
1556 7 
2342 7 
698 579 
571 108 
1474 18 
240 24 
2058 967 
1213 15 
1024 1450 
148 92 
877 29 
1781 30 
2108 14 
274 22 
1936 171 
1025 19 
1941 374 
739 967 
1394 1594 
12 1125 
2004 27 
490 29 
135 20 
2197 1789 
1350 29 
418 7 
880 1833 
1675 7 
835 20 
1708 25 
2352 1 
532 24 
1921 6 
752 20 
2062 1361 
500 1314 
454 2249 
470 26 
1719 15 
1593 24 
364 11 
485 22 
2155 1789 
2331 1 
2285 25 
1610 22 
958 30 
903 171 
1875 28 
58 15 
1859 26 
1748 28 
1036 16 
1309 1814 
2236 1578 
11 2229 
1478 32 
1611 4 
2055 53 
2222 19 
1963 1507 
2358 3 
1779 967 
1359 0 
908 2249 
1954 21 
576 13 
438 29 
1298 27 
737 1789 
2338 3 
382 1096 
1218 1790 
1919 1957 
2206 73 
1731 562 
1076 1833 
2179 1833 
1879 28 
2162 70 
114 1001 
1002 29 
1320 2118 
1778 8 
587 374 
389 28 
1969 14 
1883 24 
2091 22 
1164 13 
1775 1594 
354 25 
109 1789 
718 18 
1607 2249 
1831 24 
2104 772 
907 25 
357 8 
491 23 
1797 2062 
1334 1957 
1259 1789 
1284 14 
77 1285 
1067 2436 
421 25 
402 2 
2148 53 
4 1878 
1157 10 
1957 2055 
94 1902 
419 10 
948 1594 
116 23 
676 562 
1457 5 
1887 10 
450 8 
2180 11 
1881 23 
1662 18 
2123 10 
1837 1833 
14 1917 
667 47 
904 22 
1181 618 
2127 24 
559 656 
757 787 
1384 24 
1785 1 
1451 10 
1491 3 
2054 16 
1656 579 
221 8 
2013 34 
1347 1666 
343 7 
1855 2436 
926 4 
758 1833 
285 4 
2398 24 
1905 30 
620 11 
924 12 
1540 1 
925 171 
567 11 
555 11 
1000 19 
2025 92 
1543 25 
1534 19 
1636 953 
1128 2206 
1735 34 
1484 1232 
774 24 
1308 967 
1642 30 
2156 12 
175 34 
2390 7 
1460 967 
618 1269 
1561 6 
529 2 
1107 967 
279 10 
1635 3 
1264 2104 
726 3 
1063 133 
433 20 
705 15 
92 1831 
102 24 
169 19 
843 15 
2262 23 
1814 2241 
2423 9 
2122 2118 
905 22 
1931 1 
151 0 
394 11 
755 12 
1153 16 
1633 21 
1254 1 
203 27 
2111 19 
1127 27 
1806 7 
946 28 
1250 10 
558 32 
561 23 
495 92 
1614 1 
1697 967 
1822 16 
1166 3 
633 10 
1398 16 
1665 34 
465 171 
1601 32 
2434 1 
1281 5 
1100 1455 
680 10 
592 967 
996 12 
1826 16 
791 1847 
1592 22 
393 2249 
358 27 
2066 14 
2284 7 
422 30 
2440 2436 
346 1833 
1148 775 
1057 12 
983 15 
829 10 
1590 92 
804 2249 
2274 7 
1358 34 
1368 19 
716 1255 
2132 967 
794 2249 
121 6 
1065 4 
2213 30 
1258 2249 
2070 7 
1149 1833 
2060 1790 
1988 1833 
978 27 
570 793 
616 2118 
1639 53 
2233 17 
964 1847 
2432 23 
520 171 
1502 793 
1529 14 
17 618 
2307 14 
1005 2436 
693 23 
684 24 
194 10 
604 6 
193 374 
2413 659 
591 18 
800 1833 
580 32 
1014 967 
556 1 
499 30 
1041 0 
2371 2436 
847 171 
1939 19 
2074 14 
1623 24 
249 92 
1903 53 
444 1833 
1200 26 
2333 21 
180 20 
2296 1578 
1123 2 
1338 20 
277 1578 
828 13 
420 30 
2147 10 
1095 25 
2164 24 
1880 9 
1409 3 
665 77 
814 16 
443 171 
1119 15 
1082 1790 
851 9 
850 1833 
2223 1594 
1777 22 
524 15 
1572 19 
1089 1 
2040 1833 
1045 92 
2056 22 
2095 2249 
283 21 
889 2 
1898 9 
1683 8 
515 1790 
648 1 
1139 713 
1631 25 
1115 20 
146 29 
1620 18 
1669 1 
1712 2249 
2430 14 
1214 24 
2451 24 
232 9 
2224 5 
1872 27 
2425 171 
1715 10 
2431 0 
544 967 
2187 374 
2436 1014 
2360 3 
1942 5 
1505 53 
1237 1957 
1408 15 
340 21 
1314 2118 
856 1578 
934 618 
1729 1986 
395 29 
2308 29 
417 2249 
732 30 
1318 1823 
1245 20 
245 15 
1366 30 
1310 5 
836 1790 
220 10 
1914 19 
213 9 
619 21 
941 1594 
1686 1 
332 32 
1834 6 
721 53 
1488 8 
935 6 
1011 18 
2364 1578 
1480 16 
1927 12 
991 92 
761 22 
2189 30 
2071 7 
2020 171 
1913 7 
1795 967 
523 1790 
1703 32 
257 18 
385 8 
760 21 
1512 967 
478 10 
1414 23 
999 94 
1964 14 
339 5 
766 18 
2354 6 
1346 967 
703 171 
1473 2249 
2030 23 
1753 14 
1652 26 
1571 32 
228 22 
2080 18 
251 6 
1786 593 
2368 4 
1551 11 
1897 7 
1798 29 
2349 11 
1382 2263 
1117 22 
2170 20 
2416 19 
1202 964 
890 23 
525 10 
1807 1 
334 1965 
1840 32 
1851 34 
244 1833 
1271 3 
1315 19 
185 0 
124 27 
768 1790 
492 1 
392 92 
404 1 
2166 374 
1792 20 
586 16 
1517 2 
943 171 
91 1232 
127 34 
1074 1578 
456 11 
818 1 
1058 2436 
225 7 
691 11 
309 11 
1746 11 
1933 32 
227 579 
374 715 
1752 12 
224 2 
995 4 
511 22 
1951 171 
1567 1578 
1377 1 
1412 10 
215 32 
1576 23 
2129 787 
853 28 
101 29 
338 12 
5 364 
460 26 
1632 18 
1994 10 
1407 6 
119 25 
913 28 
627 1403 
2199 20 
968 29 
1803 11 
222 28 
2357 374 
128 20 
1 2070 
956 19 
1737 7 
1721 1976 
1608 0 
518 1789 
1511 7 
992 16 
973 7 
998 967 
1178 1 
1516 92 
269 15 
1900 28 
233 967 
202 4 
583 1594 
1365 29 
1904 28 
590 0 
2050 15 
2194 15 
21 741 
288 15 
191 5 
79 1790 
573 1084 
736 10 
536 967 
666 579 
2178 967 
1984 4 
1709 1 
390 22 
901 14 
861 11 
2435 4 
1450 2157 
96 15 
2086 6 
2192 1790 
270 3 
2109 967 
1345 374 
190 29 
2389 779 
2168 23 
1871 22 
265 1833 
136 4 
767 21 
1788 27 
1061 14 
2008 1 
2412 27 
817 1902 
1443 29 
416 14 
1638 2249 
2288 25 
388 19 
749 16 
319 9 
134 27 
2012 967 
740 18 
1230 334 
199 7 
730 14 
130 28 
1173 2436 
6 963 
1416 30 
1599 0 
1433 32 
472 1578 
848 1594 
2305 29 
1562 22 
412 2 
341 9 
375 1 
170 967 
2321 1582 
815 14 
1174 1790 
1261 15 
7 420 
545 562 
291 6 
1526 14 
178 10 
1132 27 
1612 9 
690 16 
1146 14 
1886 1790 
1558 2 
469 26 
1429 29 
55 1578 
1253 13 
195 30 
1396 1594 
2184 1578 
513 22 
1205 2249 
1282 2 
2449 22 
51 24 
214 8 
2021 593 
1891 1789 
152 27 
39 19 
90 19 
2346 24 
2249 1421 
1188 1084 
177 374 
2263 2309 
304 967 
2229 28 
2348 1957 
50 34 
256 30 
939 9 
1385 12 
387 19 
512 1578 
647 779 
2406 2436 
876 19 
1051 171 
923 29 
1885 1230 
1468 967 
1068 2 
990 28 
1858 11 
2205 2 
1453 53 
1221 30 
2133 1790 
1090 3 
1059 19 
1167 12 
965 4 
2300 15 
1130 34 
2051 15 
1265 21 
1286 579 
1579 29 
1768 8 
1965 437 
1962 24 
2396 25 
1627 1 
1274 8 
920 25 
1151 1594 
2438 2436 
363 23 
236 28 
52 4 
302 0 
301 967 
940 4 
496 13 
916 28 
2453 24 
210 26 
2176 24 
606 25 
517 374 
1152 7 
81 0 
1985 11 
2200 1789 
2237 19 
335 18 
1743 0 
1421 15 
83 11 
960 24 
442 776 
1125 1957 
936 14 
1907 9 
296 92 
522 1789 
622 1 
950 26 
688 34 
2452 382 
1435 0 
1922 7 
307 2249 
888 21 
2145 3 
820 28 
1031 19 
764 12 
1928 18 
449 1466 
694 8 
1392 1790 
2007 26 
1186 1902 
2186 28 
2369 26 
2344 5 
97 1578 
1770 1 
1542 25 
1625 19 
2380 7 
350 14 
2429 1578 
24 1411 
1720 1232 
1975 25 
2365 1232 
823 3 
2167 1232 
187 1 
697 17 
386 26 
528 24 
1344 20 
1513 32 
976 11 
53 831 
565 7 
2377 5 
435 25 
1247 1789 
1165 1833 
957 1841 
200 25 
2247 7 
1960 133 
634 13 
781 2241 
168 1957 
1001 1965 
463 967 
15 228 
196 94 
588 25 
773 1128 
2009 19 
2387 29 
625 1957 
608 24 
1492 6 
944 2249 
1723 22 
1462 367 
1925 21 
1725 6 
1162 1833 
2443 92 
349 92 
656 56 
26 386 
43 26 
1630 2436 
2433 133 
2143 12 
1966 1790 
1354 26 
2397 1790 
1158 1594 
601 967 
480 18 
2000 859 
709 32 
1093 1594 
989 2286 
2101 30 
719 12 
75 14 
1212 8 
451 9 
1251 10 
106 28 
2351 5 
462 1 
1756 15 
664 1814 
786 30 
239 22 
2370 1 
626 3 
20 719 
727 92 
2257 29 
1043 1833 
1496 2 
1628 8 
1841 2157 
2221 1594 
163 1 
284 1 
2135 21 
1757 8 
859 979 
1585 1789 
1428 20 
19 459 
2177 30 
1912 0 
659 1128 
1582 488 
1096 382 
1569 1 
1878 0 
467 1833 
2002 1232 
2005 29 
831 1957 
2146 1790 
1321 25 
1099 30 
1209 1 
1499 1957 
2075 23 
1982 19 
1646 14 
826 3 
1381 1789 
1226 29 
2183 6 
909 26 
1184 30 
344 1594 
1728 1312 
1771 967 
1386 92 
1678 25 
603 11 
1870 19 
1838 19 
1978 25 
954 14 
430 14 
219 8 
972 779 
2326 171 
1331 24 
2097 32 
1362 1594 
2267 1594 
1193 618 
1060 8 
1378 2249 
1297 1980 
1277 14 
1865 9 
2320 1957 
1296 15 
351 23 
997 374 
566 11 
138 34 
2117 21 
38 14 
403 967 
1565 1789 
1294 25 
883 19 
637 1790 
662 2 
742 14 
963 4 
1231 9 
206 23 
1399 15 
1464 25 
598 967 
13 512 
745 28 
1136 14 
1820 3 
2191 1833 
312 11 
1760 15 
1029 25 
1796 32 
710 21 
2128 57 
1304 1 
1113 1957 
1751 1789 
1339 47 
1037 1 
327 1957 
812 1539 
60 12 
1356 19 
2355 2249 
771 32 
600 30 
318 26 
711 1957 
1081 1790 
2277 0 
1575 92 
1564 1790 
1498 3 
988 27 
2103 10 
205 171 
329 34 
2319 7 
2209 171 
1916 18 
2089 114 
347 3 
234 28 
1794 30 
2439 1624 
1597 1325 
2118 959 
2337 34 
59 20 
723 1 
672 1957 
1030 108 
1805 29 
1452 20 
471 15 
2214 2436 
1215 25 
1424 1790 
1357 0 
1997 1636 
1827 22 
931 23 
2268 7 
2115 19 
1023 2436 
2272 9 
89 24 
1053 15 
2154 92 
824 0 
407 12 
1658 17 
292 1578 
1301 13 
141 9 
2315 34 
1700 11 
1379 13 
858 20 
310 34 
1835 6 
1546 2249 
1500 2249 
1810 19 
2414 171 
1918 1790 
927 1578 
2336 11 
1864 9 
2270 4 
290 7 
1804 1318 
2081 0 
658 1347 
2169 29 
702 34 
2116 9 
2069 1594 
509 967 
699 47 
1287 53 
1653 1594 
2047 21 
660 16 
893 4 
1071 32 
1846 7 
638 6 
401 0 
1176 1666 
1405 10 
646 1833 
1013 2436 
543 171 
1776 30 
2318 2436 
1360 11 
2022 1957 
553 2436 
789 3 
264 579 
1322 1841 
1950 24 
1171 593 
1406 21 
209 11 
1648 1789 
839 2 
223 15 
651 2 
1431 77 
1372 29 
254 8 
2201 34 
405 6 
1889 1084 
489 19 
306 23 
355 2249 
85 374 
1589 92 
457 19 
1504 24 
1312 458 
849 57 
1160 1833 
1695 2436 
1208 24 
1078 53 
1177 967 
1549 9 
397 30 
885 171 
2448 21 
173 30 
2391 5 
1241 21 
1183 1833 
912 9 
1581 967 
137 5 
951 1 
2042 7 
348 32 
1637 0 
2110 14 
42 1833 
161 13 
431 1232 
2094 1957 
155 26 
2281 25 
2059 458 
63 2249 
2084 10 
869 7 
574 21 
103 23 
2251 53 
1654 20 
1434 1 
2028 30 
1273 15 
900 17 
1836 26 
186 1789 
715 10 
1968 20 
2374 3 
1535 70 
1506 22 
837 53 
2023 13 
1726 967 
1445 29 
863 24 
1560 24 
1419 92 
1970 20 
2378 28 
1256 24 
1469 1232 
1436 2 
1325 1597 
497 171 
1823 1280 
1696 23 
754 10 
2131 1790 
1738 372 
832 22 
2067 1 
1713 24 
1503 2436 
2227 1578 
914 4 
526 1789 
2271 26 
762 22 
250 3 
2211 12 
1577 1578 
84 0 
1087 28 
117 4 
243 23 
1559 1232 
192 17 
919 7 
2158 1789 
1993 1790 
987 1 
356 2436 
562 676 
642 113 
2332 17 
2225 1594 
428 7 
2190 12 
65 967 
1389 3 
1759 26 
2219 562 
612 1789 
788 10 
1609 57 
1769 10 
783 7 
1415 374 
1052 8 
886 171 
971 13 
396 2089 
8 208 
1536 957 
551 8 
2450 53 
2072 18 
1390 8 
115 29 
105 8 
2442 1232 
1466 653 
313 32 
1773 3 
2244 13 
2044 9 
1490 25 
2447 374 
1353 29 
1808 30 
271 18 
1047 7 
725 10 
1657 1578 
805 10 
897 22 
1893 10 
743 6 
2220 30 
610 29 
2234 57 
1687 29 
1863 1764 
2248 6 
317 5 
2144 1789 
1706 32 
1355 14 
125 4 
35 4 
1626 9 
572 1 
1852 7 
1718 1 
1092 2059 
1268 57 
846 19 
798 12 
1295 2436 
1280 2088 
110 1790 
770 791 
1877 171 
1083 1833 
1909 19 
1145 30 
1105 374 
2297 6 
1787 32 
1342 1462 
2366 16 
1018 10 
1876 0 
955 14 
118 2436 
2294 32 
584 374 
1671 1789 
1817 18 
655 10 
64 1578 
629 458 
1679 1790 
87 24 
623 15 
777 713 
67 2249 
1210 11 
2361 3 
891 4 
1104 1594 
959 57 
779 772 
365 7 
427 1578 
1634 25 
2083 30 
1472 29 
1046 25 
582 1455 
1306 57 
2027 7 
2137 53 
671 57 
303 25 
922 171 
2258 34 
2323 19 
2252 4 
949 0 
56 1666 
2392 11 
1170 12 
61 1 
2076 29 
436 6 
1337 29 
263 34 
112 1833 
1845 29 
857 2436 
1316 26 
1736 21 
1027 1 
294 92 
1007 7 
661 9 
231 11 
86 34 
1393 30 
2018 25 
305 1833 
611 0 
1791 22 
1832 967 
1341 8 
506 1967 
1404 1232 
211 26 
1102 2436 
2100 964 
132 9 
1519 1957 
1574 19 
720 3 
541 5 
398 618 
1159 2249 
2312 7 
631 20 
1432 29 
2019 171 
1311 29 
624 1789 
1645 92 
2125 7 
2017 26 
806 10 
167 34 
1869 11 
1103 1790 
315 0 
2099 24 
1793 1957 
1668 12 
242 171 
1744 1 
2375 9 
2260 13 
2048 12 
1901 16 
881 32 
2445 1223 
1908 1382 
323 8 
1971 53 
2026 108 
1749 32 
1767 2 
1420 1790 
599 374 
1168 0 
2113 29 
792 53 
2353 7 
1352 1833 
1660 952 
1050 6 
1442 10 
1285 593 
1388 13 
617 1 
1685 16 
1739 11 
2340 7 
784 6 
2153 16 
2149 1594 
917 562 
2379 25 
108 665 
1494 1789 
1131 6 
866 1 
144 7 
1722 53 
153 34 
82 23 
1935 374 
542 171 
2301 14 
380 2 
838 1578 
2172 2118 
1220 1957 
2350 8 
149 28 
1020 1232 
1977 2089 
1847 1536 
1244 1833 
2388 1 
2151 593 
391 0 
2363 2 
353 1578 
2402 23 
2280 7 
942 2249 
653 775 
2292 29 
0 606 
685 17 
2372 23 
1040 1594 
1821 1789 
2073 25 
2064 10 
892 579 
918 171 
787 593 
247 24 
1578 1577 
1866 23 
2120 16 
1842 14 
1479 27 
88 27 
1727 2 
1191 579 
2061 12 
675 579 
34 965 
280 32 
2006 5 
1650 14 
531 21 
2231 7 
1482 10 
2057 15 
2208 1789 
1400 53 
1238 1578 
1615 4 
337 1 
1348 25 
563 562 
1945 2249 
744 1403 
2119 7 
2243 20 
2291 9 
1108 2436 
834 1578 
9 166 
1818 0 
2418 1789 
759 1789 
424 1789 
2031 9 
2401 22 
501 1833 
1799 8 
1426 16 
295 92 
1180 6 
1857 26 
1098 15 
62 23 
2068 967 
1890 29 
324 26 
252 28 
2085 2436 
821 1232 
2327 32 
1008 1790 
738 1578 
1742 8 
1021 25 
410 6 
10 186 
1724 53 
902 11 
1003 14 
505 16 
547 23 
681 593 
1019 967 
844 1790 
1698 562 
473 19 
286 92 
1305 1232 
875 30 
1911 11 
872 26 
1163 53 
1996 30 
483 1789 
1187 14 
1094 967 
1894 5 
1134 47 
1973 2249 
147 2436 
1364 1084 
298 12 
589 1 
1486 27 
1333 24 
1135 859 
2138 22 
687 26 
2157 1230 
1707 25 
1940 6 
530 22 
682 24 
1147 6 
1438 1957 
1670 8 
2328 94 
1263 18 
795 21 
104 5 
1225 1833 
1531 1 
474 92 
2185 19 
1586 11 
253 34 
1688 16 
1138 579 
546 28 
1920 9 
2001 1789 
2417 171 
273 21 
1085 3 
1044 1578 
2112 29 
293 12 
2043 1 
2290 967 
663 2062 
1246 1833 
842 22 
73 1100 
1766 952 
99 6 
93 1790 
793 17 
2235 29 
1528 562 
2393 27 
993 32 
1077 20 
596 15 
1120 382 
1440 15 
677 57 
41 8 
2415 0 
1302 579 
1418 1578 
1930 1965 
2188 1594 
579 1302 
2343 0 
519 3 
1754 1232 
1946 579 
1772 34 
560 8 
1216 24 
1444 15 
1266 108 
1763 2 
575 458 
328 14 
1182 653 
614 793 
1129 57 
1854 1790 
1800 11 
1947 1 
2239 10 
871 2 
1049 10 
1278 24 
2078 1232 
376 15 
1868 20 
1463 11 
1790 1413 
1915 14 
2395 1789 
113 2309 
1481 1578 
479 1790 
2302 28 
514 12 
1017 967 
143 19 
368 11 
2282 13 
801 2 
1906 1789 
615 1833 
1062 2436 
607 24 
2039 1790 
2052 15 
1249 1594 
1240 1 
1948 23 
724 2249 
1122 171 
741 20 
1150 6 
683 24 
657 14 
845 21 
1056 967 
733 47 
297 94 
2124 8 
476 1 
833 13 
2408 34 
841 18 
2228 0 
1566 7 
2298 1 
399 28 
1884 11 
1461 26 
287 2436 
432 7 
1475 32 
1465 2249 
2140 1084 
22 2055 
1243 3 
1010 19 
1411 24 
1106 16 
1447 449 
1335 18 
952 1765 
765 3 
2317 2 
1034 1232 
1544 967 
552 8 
1745 11 
2174 20 
1938 17 
554 5 
910 4 
2409 11 
2046 13 
1892 2439 
260 34 
458 1322 
37 34 
455 4 
799 21 
27 2409 
1704 29 
1303 1403 
2334 3 
731 26 
568 17 
49 4 
1934 53 
1272 24 
1747 32 
1730 1957 
1276 1536 
807 1789 
2289 7 
1233 25 
1015 1578 
2253 1232 
1929 16 
1649 1578 
1959 34 
475 25 
414 4 
3 1174 
241 92 
1554 15 
945 25 
1624 2000 
2079 34 
613 2249 
1520 92 
330 14 
1330 7 
1156 787 
384 92 
1380 535 
2182 14 
2259 7 
2134 1594 
2437 1582 
915 11 
1038 2436 
2275 34 
550 28 
1260 15 
1956 16 
1097 2436 
1497 1833 
333 23 
1553 16 
1833 1036 
2034 2 
1201 23 
827 24 
498 2249 
406 19 
1118 5 
2165 3 
747 21 
1299 787 
577 18 
1324 859 
184 29 
437 1322 
1079 1789 
1689 5 
1550 579 
76 23 
1326 16 
154 34 
1501 1578 
1861 5 
1199 14 
1619 1833 
261 1833 
695 171 
1926 2 
1843 2 
1853 24 
1476 47 
299 11 
1784 13 
1850 25 
176 10 
669 2118 
1495 53 
1514 1789 
1606 1 
1515 27 
2105 7 
906 14 
717 15 
272 21 
2139 1790 
238 4 
2195 10 
2400 3 
2303 1 
775 1582 
1676 24 
23 4 
1026 32 
1690 21 
980 24 
692 108 
2311 2 
1329 18 
1563 29 
1594 21 
33 2249 
2 650 
1716 8 
314 1833 
1091 1232 
712 1790 
985 14 
2215 14 
1588 1790 
2107 1957 
1545 1729 
2428 2436 
1410 3 
2295 0 
1714 133 
373 1297 
1288 1594 
538 14 
1224 1 
1899 9 
1234 14 
266 30 
673 500 
2403 22 
763 53 
165 29 
2041 2 
1066 1594 
2175 23 
796 1957 
609 25 
409 29 
142 34 
1616 4 
809 1790 
1882 1232 
1830 25 
1349 24 
1069 967 
874 1790 
825 1833 
156 8 
360 8 
696 25 
429 14 
166 9 
47 1306 
2362 1789 
2096 53 
131 1232 
1666 1342 
461 2 
1343 1789 
510 21 
1467 29 
367 772 
2049 1594 
1910 415 
1523 382 
1955 2 
1417 2263 
594 11 
896 171 
636 1594 
72 374 
1888 12 
751 21 
521 18 
1647 1957 
95 9 
930 8 
248 1833 
1986 559 
107 1 
275 1578 
867 171 
534 1230 
1967 1447 
1949 92 
1507 2437 
581 2206 
230 9 
2261 1790 
1682 1 
1328 1594 
778 1135 
25 188 
1088 618 
507 32 
640 2062 
894 171 
201 4 
1427 3 
1439 1957 
218 34 
1952 21 
1070 787 
1493 1833 
1740 793 
895 47 
2242 967 
1509 26 
316 171 
1172 27 
352 2436 
597 19 
2329 21 
1655 1 
1701 2 
734 16 
181 28 
1848 3 
1522 1536 
1084 1721 
1527 967 
1732 2436 
2010 20 
540 29 
704 374 
1937 12 
1762 9 
1290 2436 
2090 20 
1530 14 
246 20 
1397 53 
1621 4 
1895 14 
1538 14 
649 579 
1584 22 
2106 7 
2273 1 
311 1594 
864 14 
1319 4 
1229 9 
870 32 
1262 2118 
308 5 
1613 21 
1142 787 
1252 1957 
157 10 
860 29 
782 30 
2024 171 
197 1790 
1667 24 
1917 6 
1976 1266 
1710 114 
1270 17 
1072 10 
974 1902 
1990 7 
2245 113 
2278 2436 
477 1790 
1395 1790 
1583 15 
129 4 
1477 57 
2383 6 
969 374 
2339 7 
1363 374 
865 781 
1555 26 
139 28 
2212 579 
2421 8 
1661 458 
2238 11 
2230 967 
359 14 
811 0 
1425 0 
2335 9 
171 1371 
748 10 
803 12 
1211 34 
2246 967 
621 1957 
2037 14 
2218 10 
1032 5 
2210 1833 
1856 34 
164 171 
259 57 
674 1232 
679 10 
1206 26 
1539 506 
2276 10 
1458 449 
1456 30 
1441 171 
735 3 
217 7 
2330 11 
1110 1957 
1292 29 
2126 1232 
1291 16 
16 790 
1972 12 
790 24 
898 57 
445 3 
707 53 
1487 92 
1317 0 
1054 1 
933 171 
1844 13 
1862 7 
1323 27 
2313 34 
645 29 
1028 562 
1232 1890 
2093 34 
967 860 
1774 7 
808 15 
2063 1 
2181 19 
1603 1 
268 25 
267 19 
1336 25 
2163 374 
772 2389 
122 1232 
439 53 
415 1545 
593 2212 
1640 92 
2102 27 
1521 1790 
1376 10 
2204 22 
1684 53 
994 30 
921 23 
2367 22 
1423 21 
2359 1790 
1591 6 
706 1 
2376 458 
1485 12 
2159 18 
1367 1 
533 1232 
938 4 
1622 1 
1547 1578 
1664 1833 
2265 9 
1525 1957 
1332 26 
1192 6 
1510 2436 
822 29 
2410 13 
229 1403 
208 19 
2385 29 
336 23 
979 2104 
226 23 
1140 20 
2035 19 
2266 18 
2269 16 
785 1232 
1169 14 
1267 25 
1532 1084 
1080 12 
1789 171 
1699 10 
1989 21 
2136 22 
1548 16 
1155 13 
1101 10 
1819 2249 
961 14 
494 2389 
539 24 
1039 593 
502 92 
1824 1578 
2098 30 
1422 1 
701 1957 
1055 133 
1141 30 
503 10 
2279 29 
635 1833 
2256 7 
2283 29 
1471 967 
325 0 
1111 32 
2405 19 
1998 10 
1995 19 
1175 1578 
714 22 
746 3 
1734 0 
819 16 
2088 1804 
1812 2436 
1370 30 
2299 7 
1828 30 
46 12 
1587 1578 
1133 29 
1944 27 
2232 1 
1764 957 
1009 19 
2203 1594 
1371 21 
1035 1 
1313 618 
1373 1536 
212 0 
981 5 
2287 7 
887 171 
2419 15 
1981 30 
342 11 
878 2 
1222 14 
928 70 
2324 92 
1217 22 
183 24 
1387 1833 
71 10 
1924 1 
321 11 
2038 7 
632 1578 
2444 16 
366 14 
1758 19 
371 1 
2202 1084 
1219 1594 
2399 19 
464 7 
628 28 
549 1789 
630 15 
1600 9 
140 5 
830 21 
1114 20 
1195 1594 
2310 14 
57 1902 
1161 20 
1242 53 
1207 29 
1022 171 
802 20 
2014 6 
2198 24 
2207 21 
2306 6 
411 1 
1987 3 
440 14 
276 24 
204 2436 
345 787 
172 23 
2173 1594 
1194 6 
868 1833 
1403 793 
2196 1790 
331 29 
982 27 
1351 29 
728 579 
70 1476 
18 727 
2441 1 
486 26 
652 1578 
377 13 
1974 1 
30 1425 
481 30 
854 1230 
378 20 
1694 1765 
2150 2249 
1204 19 
1223 2157 
1991 1833 
1811 1833 
2216 23 
1902 70 
654 1833 
1552 374 
54 16 
1644 25 
281 1 
66 32 
2160 25 
1755 1957 
1144 10 
400 1 
1829 11 
2142 1833 
78 34 
1190 92 
1109 967 
1598 1232 
527 1790 
840 2249 
668 20 
1459 1902 
1228 2 
2029 2 
413 1790 
1568 1232 
644 14 
1300 15 
68 1790 
2373 14 
1189 593 
641 10 
207 11 
2092 2249 
2036 25 
569 8 
1489 593 
2309 1417 
2240 1594 
776 1176 
1896 5 
2316 1578 
1430 1084 
1112 16 
1508 9 
1402 30 
262 70 
2424 2436 
447 3 
150 1594 
2411 967 
1455 2413 
174 4 
1691 53 
1961 30 
32 1838 
639 19 
45 25 
1673 94 
953 2104 
468 29 
797 13 
189 500 
2427 14 
1816 5 
1537 25 
1340 24 
2141 15 
548 8 
585 6 
1979 171 
2254 28 
2356 1790 
1524 1594 
1446 4 
434 20 
852 2249 
873 1450 
1124 8 
1570 14 
686 13 
2003 29 
484 593 
1983 19 
40 1594 
1016 23 
1033 2 
446 1403 
2446 1403 
441 53 
379 24 
1086 3 
1257 1790 
1154 1 
1121 30 
970 0 
258 1594 
1711 29 
2381 26 
188 967 
1733 964 
466 14 
493 6 
932 1789 
2304 0 
1470 967 
28 169 
453 8 
2065 8 
2171 1594 
700 382 
1126 1578 
1448 334 
1867 25 
1236 92 
1672 2 
1761 1789 
780 25 
884 14 
74 171 
1573 13 
1923 1790 
1227 24 
1958 4 
516 22 
1813 1232 
1116 53 
1677 171 
1518 92 
2293 7 
1702 0 
31 374 
1048 6 
1185 4 
535 1624 
2384 6 
882 11 
1075 1789 
1064 30 
126 27 
2286 716 
322 967 
1197 92 
282 17 
2033 11 
1269 94 
504 11 
488 2321 
1618 7 
937 5 
1643 2436 
578 53 
182 1833 
1454 15 
947 133 
713 999 
2087 1957 
564 23 
1307 1841 
2152 12 
2161 19 
36 29 
1602 967 
595 25 
426 7 
452 1 
1874 2436 
1780 29 
1042 27 
769 1789 
975 1965 
158 13 
423 25 
326 27 
605 11 
1375 16 
1279 10 
370 9 
1692 8 
1255 772 
1012 10 
1809 30 
1765 772 
984 10 
1992 1594 
2426 7 
1839 20 
2241 334 
1293 579 
2121 5 
2314 53 
1651 9 
2341 964 
1801 5 
1383 1957 
1617 7 
816 9 
1275 57 
100 28 
1239 1790 
708 13 
966 94 
810 22 
2407 2 
986 1594 
216 19 
2250 437 
198 1789 
1533 17 
2114 374 
1580 6 
753 10 
1873 19 
1361 2062 
1629 1578 
1604 2436 
2264 171 
1391 20 
1783 1833 
372 2100 
2045 34 
278 500 
2217 967 
1541 5 
1006 70 
2386 26 
1248 21 
162 2062 
2325 30 
2032 24 
179 6 
300 14 
1932 1232 
962 14 
689 26 
44 19 
2420 2436 
1401 1790 
98 24 
750 21 
1073 16 
862 34 
2053 3 
145 8 
289 3 
2077 25 
1943 32 
508 6 
459 4 
2347 32 
1595 13 
602 374 
235 1833 
729 3 
2404 53 
2226 27 
2345 30 
1641 57 
2130 23 
2382 25 
408 4 
1815 1594 
1374 374 
1860 1790 
1283 1 
1680 25 
1849 10 
1483 13 
255 1789 
1596 20 
929 9 
237 23 
650 24 
120 4 
1717 22 
1413 24 
1203 14 
362 8 
537 14 
756 12 
1137 967 
2015 27 
1953 6 
1663 22 
369 4 
425 19 
855 13 
911 8 
1999 24 
80 34 
813 1450 
159 13 
2193 3 
123 29 
670 15 
1004 2 
2011 53 
1782 8 
48 18 
1449 32 
1327 24 
2322 30 
2016 34 
1681 812 
879 2436 
320 8 
1750 70 
1437 22 
1825 1578 
2082 1833 
69 14 
1235 1833 
29 1845 
1289 22 
482 1594 
160 593 
557 171 
1143 713 
1557 25 
1980 1841 
1198 778 
487 26 
133 678 
2255 24 
977 1594 
2422 4 
678 562 
1741 23 
722 967 
899 92 
1802 1804 
643 14 
2394 24 
111 1578 
381 21 
383 18 
1705 24 
1659 92 
448 6 
1179 92 
1196 23 
1369 1232 
1605 1380 
361 2436 
1693 26 
1674 19 
1556 7 
2342 967 
698 579 
571 2062 
1474 53 
240 2249 
2058 967 
1213 18 
1024 2059 
148 12 
877 19 
1781 19 
2108 967 
274 1790 
1936 92 
1025 7 
1941 1789 
739 967 
1394 1833 
12 623 
2004 34 
490 23 
135 171 
2197 21 
1350 29 
418 1 
880 10 
1675 23 
835 15 
1708 27 
2352 14 
532 1790 
1921 1 
752 24 
2062 733 
500 1088 
454 24 
470 7 
1719 1594 
1593 1833 
364 27 
485 92 
2155 1789 
2331 14 
2285 7 
1610 374 
958 1 
903 18 
1875 34 
58 22 
1859 8 
1748 29 
1036 3 
1309 372 
2236 1957 
11 8 
1478 32 
1611 967 
2055 2249 
2222 2436 
1963 1507 
2358 10 
1779 27 
1359 0 
908 1594 
1954 1833 
576 13 
438 30 
1298 1232 
737 1789 
2338 1833 
382 700 
1218 13 
1919 374 
2206 1660 
1731 94 
1076 53 
2179 2 
1879 8 
2162 70 
114 2341 
1002 1232 
1320 1902 
1778 4 
587 1594 
389 30 
1969 25 
1883 1957 
2091 12 
1164 13 
1775 1578 
354 1 
109 92 
718 18 
1607 16 
1831 1789 
2104 1417 
907 5 
357 23 
491 26 
1797 77 
1334 1594 
1259 1833 
1284 29 
77 1181 
1067 19 
421 7 
402 10 
2148 1790 
4 156 
1157 1594 
1957 1033 
94 1286 
419 15 
948 171 
116 23 
676 579 
1457 0 
1887 1957 
450 25 
2180 11 
1881 5 
1662 1790 
2123 53 
1837 15 
14 2388 
667 47 
904 171 
1181 618 
2127 374 
559 73 
757 1403 
1384 2 
1785 5 
1451 21 
1491 171 
2054 1790 
1656 94 
221 4 
2013 2436 
1347 559 
343 0 
1855 26 
926 6 
758 1957 
285 14 
2398 24 
1905 30 
620 6 
924 171 
1540 6 
925 171 
567 11 
555 967 
1000 25 
2025 16 
1543 0 
1534 6 
1636 989 
1128 113 
1735 14 
1484 30 
774 16 
1308 0 
1642 27 
2156 21 
175 6 
2390 28 
1460 967 
618 1129 
1561 0 
529 21 
1107 30 
279 374 
1635 15 
1264 778 
726 171 
1063 793 
433 3 
705 1790 
92 1273 
102 24 
169 1232 
843 20 
2262 7 
1814 334 
2423 0 
2122 17 
905 374 
1931 11 
151 28 
394 29 
755 1833 
1153 374 
1633 2 
1254 6 
203 967 
2111 29 
1127 967 
1806 25 
946 6 
1250 1790 
558 8 
561 8 
495 24 
1614 1 
1697 1 
1822 2249 
1166 92 
633 15 
1398 12 
1665 6 
465 1594 
1601 4 
2434 14 
1281 28 
1100 73 
680 92 
592 32 
996 92 
1826 12 
791 2445 
1592 16 
393 1833 
358 19 
2066 1 
2284 14 
422 19 
2440 967 
346 13 
1148 1582 
1057 15 
983 18 
829 18 
1590 13 
804 1790 
2274 2436 
1358 6 
1368 9 
716 773 
2132 27 
794 1594 
121 4 
1065 2436 
2213 967 
1258 1957 
2070 23 
1149 374 
2060 18 
1988 1957 
978 7 
570 77 
616 77 
1639 13 
2233 562 
964 1223 
2432 0 
520 1578 
1502 94 
1529 1 
17 1193 
2307 14 
1005 11 
693 30 
684 24 
194 2 
604 7 
193 1789 
2413 56 
591 20 
800 21 
580 1 
1014 2436 
556 26 
499 1 
1041 0 
2371 25 
847 3 
1939 34 
2074 14 
1623 12 
249 22 
1903 24 
444 53 
1200 29 
2333 1833 
180 1578 
2296 2249 
1123 1790 
1338 10 
277 3 
828 22 
420 30 
2147 20 
1095 967 
2164 10 
1880 28 
1409 3 
665 579 
814 10 
443 1789 
1119 12 
1082 3 
851 32 
850 53 
2223 171 
1777 92 
524 171 
1572 32 
1089 967 
2040 22 
1045 1578 
2056 1833 
2095 2 
283 1790 
889 171 
1898 11 
1683 11 
515 53 
648 6 
1139 70 
1631 6 
1115 21 
146 34 
1620 12 
1669 1 
1712 12 
2430 29 
1214 1578 
2451 1594 
232 4 
2224 0 
1872 7 
2425 12 
1715 10 
2431 29 
544 11 
2187 13 
2436 1913 
2360 15 
1942 9 
1505 15 
1237 20 
1408 2 
340 10 
1314 1902 
856 374 
934 382 
1729 1910 
395 1232 
2308 19 
417 92 
732 2436 
1318 1804 
1245 18 
245 374 
1366 32 
1310 2436 
836 24 
220 2 
1914 30 
213 28 
619 1790 
941 171 
1686 28 
332 5 
1834 967 
721 16 
1488 5 
935 8 
1011 1594 
2364 1578 
1480 1790 
1927 21 
991 12 
761 1594 
2189 32 
2071 967 
2020 16 
1913 8 
1795 32 
523 2249 
1703 967 
257 22 
385 27 
760 10 
1512 30 
478 16 
1414 23 
999 793 
1964 25 
339 4 
766 20 
2354 0 
1346 7 
703 171 
1473 1578 
2030 34 
1753 2436 
1652 27 
1571 30 
228 1957 
2080 2 
251 14 
1786 108 
2368 7 
1551 1 
1897 7 
1798 6 
2349 11 
1382 1135 
1117 22 
2170 2 
2416 30 
1202 1930 
890 8 
525 53 
1807 14 
334 781 
1840 30 
1851 0 
244 171 
1271 92 
1315 30 
185 34 
124 19 
768 53 
492 7 
392 22 
404 30 
2166 21 
1792 1790 
586 16 
1517 21 
943 171 
91 7 
127 7 
1074 12 
456 27 
818 9 
1058 0 
225 967 
691 8 
309 11 
1746 8 
1933 6 
227 77 
374 1906 
1752 1578 
224 3 
995 967 
511 1790 
1951 2249 
1567 12 
1377 6 
1412 3 
215 5 
1576 19 
2129 793 
853 19 
101 1 
338 1790 
5 1606 
460 8 
1632 1790 
1994 1578 
1407 9 
119 30 
913 26 
627 787 
2199 1594 
968 19 
1803 28 
222 28 
2357 92 
128 171 
1 2006 
956 19 
1737 29 
1721 1976 
1608 7 
518 13 
1511 14 
992 16 
973 14 
998 25 
1178 19 
1516 374 
269 1957 
1900 34 
233 28 
202 11 
583 13 
1365 9 
1904 6 
590 29 
2050 53 
2194 1594 
21 1868 
288 22 
191 14 
79 3 
573 1902 
736 1957 
536 14 
666 562 
2178 2436 
1984 1 
1709 1 
390 21 
901 2436 
861 7 
2435 14 
1450 1322 
96 374 
2086 967 
2192 1789 
270 1594 
2109 19 
1345 22 
190 19 
2389 989 
2168 1 
1871 1790 
265 24 
136 28 
767 15 
1788 6 
1061 32 
2008 967 
2412 25 
817 17 
1443 2436 
416 6 
1638 1833 
2288 7 
388 29 
749 53 
319 5 
134 32 
2012 967 
740 1789 
1230 1814 
199 27 
730 11 
130 28 
1173 30 
6 2044 
1416 8 
1599 14 
1433 25 
472 1578 
848 3 
2305 7 
1562 1957 
412 12 
341 25 
375 23 
170 26 
2321 1963 
815 7 
1174 1790 
1261 92 
7 689 
545 562 
291 967 
1526 23 
178 171 
1132 8 
1612 27 
690 171 
1146 14 
1886 1833 
1558 16 
469 11 
1429 29 
55 1578 
1253 12 
195 30 
1396 53 
2184 92 
513 3 
1205 22 
1282 1790 
2449 21 
51 171 
214 1232 
2021 1902 
1891 20 
152 26 
39 26 
90 0 
2346 13 
2249 809 
1188 1403 
177 22 
2263 1324 
304 1 
2229 25 
2348 1594 
50 27 
256 11 
939 8 
1385 1789 
387 2436 
512 22 
647 989 
2406 27 
876 26 
1051 10 
923 14 
1885 1930 
1468 19 
1068 13 
990 2436 
1858 23 
2205 1789 
1453 2 
1221 967 
2133 12 
1090 21 
1059 1 
1167 1957 
965 1232 
2300 12 
1130 1 
2051 2 
1265 12 
1286 1403 
1579 23 
1768 32 
1965 1024 
1962 18 
2396 27 
1627 1232 
1274 8 
920 8 
1151 12 
2438 29 
363 8 
236 7 
52 27 
302 19 
301 30 
940 34 
496 2249 
916 8 
2453 1578 
210 26 
2176 1578 
606 1232 
517 2 
1152 1 
81 0 
1985 8 
2200 18 
2237 23 
335 1833 
1743 11 
1421 10 
83 8 
960 10 
442 776 
1125 16 
936 8 
1907 34 
296 92 
522 22 
622 14 
950 11 
688 23 
2452 17 
1435 19 
1922 6 
307 1957 
888 1957 
2145 22 
820 19 
1031 7 
764 1789 
1928 18 
449 506 
694 23 
1392 15 
2007 2436 
1186 793 
2186 5 
2369 26 
2344 11 
97 171 
1770 1 
1542 0 
1625 0 
2380 8 
350 4 
2429 16 
24 637 
1720 0 
1975 7 
2365 26 
823 20 
2167 29 
187 26 
697 562 
386 0 
528 374 
1344 1833 
1513 19 
976 25 
53 843 
565 0 
2377 26 
435 29 
1247 1578 
1165 1578 
957 1764 
200 9 
2247 7 
1960 133 
634 16 
781 1307 
168 21 
1001 964 
463 4 
15 2208 
196 1902 
588 967 
773 1128 
2009 28 
2387 7 
625 3 
608 1789 
1492 967 
944 10 
1723 2 
1462 581 
1925 2 
1725 1 
1162 20 
2443 13 
349 10 
656 1100 
26 1351 
43 967 
1630 0 
2433 579 
2143 1833 
1966 18 
1354 1 
2397 1957 
1158 22 
601 29 
480 1578 
2000 1198 
709 32 
1093 12 
989 1624 
2101 27 
719 18 
75 2436 
1212 967 
451 27 
1251 1790 
106 14 
2351 26 
462 1 
1756 13 
664 1814 
786 19 
239 374 
2370 11 
626 2 
20 1645 
727 15 
2257 25 
1043 12 
1496 22 
1628 34 
1841 1223 
2221 18 
163 0 
284 26 
2135 21 
1757 1 
859 2286 
1585 15 
1428 24 
19 238 
2177 1232 
1912 1 
659 1455 
1582 1325 
1096 108 
1569 29 
1878 19 
467 21 
2002 0 
2005 14 
831 53 
2146 18 
1321 30 
1099 19 
1209 14 
1499 22 
2075 9 
1982 7 
1646 11 
826 1957 
1381 374 
1226 1232 
2183 23 
909 5 
1184 23 
344 1789 
1728 1312 
1771 30 
1386 21 
1678 32 
603 11 
1870 5 
1838 967 
1978 2436 
954 29 
430 26 
219 8 
972 779 
2326 171 
1331 24 
2097 1232 
1362 3 
2267 1594 
1193 77 
1060 0 
1378 15 
1297 1930 
1277 19 
1865 4 
2320 16 
1296 3 
351 23 
997 1789 
566 967 
138 23 
2117 1578 
38 30 
403 32 
1565 20 
1294 27 
883 1 
637 10 
662 10 
742 14 
963 2436 
1231 32 
206 29 
1399 1789 
1464 7 
598 32 
13 746 
745 26 
1136 7 
1820 13 
2191 12 
312 19 
1760 1578 
1029 34 
1796 19 
710 53 
2128 77 
1304 1 
1113 16 
1751 18 
1339 1084 
1037 1 
327 22 
812 1986 
60 1957 
1356 967 
2355 3 
771 19 
600 25 
318 29 
711 1594 
1081 1789 
2277 4 
1575 1790 
1564 1790 
1498 1789 
988 1 
2103 1789 
205 171 
329 28 
2319 11 
2209 53 
1916 21 
2089 865 
347 1957 
234 9 
1794 1 
2439 1908 
1597 449 
2118 1339 
2337 34 
59 53 
723 7 
672 24 
1030 1084 
1805 34 
1452 10 
471 15 
2214 7 
1215 29 
1424 1790 
1357 25 
1997 1636 
1827 21 
931 23 
2268 7 
2115 967 
1023 25 
2272 19 
89 1578 
1053 20 
2154 21 
824 11 
407 10 
1658 562 
292 10 
1301 24 
141 30 
2315 7 
1700 23 
1379 21 
858 1594 
310 26 
1835 4 
1546 1833 
1500 2249 
1810 32 
2414 171 
1918 2 
927 374 
2336 2436 
1864 28 
2270 30 
290 1 
1804 1318 
2081 14 
658 1347 
2169 1 
702 19 
2116 34 
2069 92 
509 25 
699 1403 
1287 1578 
1653 13 
2047 1957 
660 21 
893 26 
1071 4 
1846 2436 
638 32 
401 8 
1176 582 
1405 12 
646 18 
1013 30 
543 171 
1776 27 
2318 0 
1360 1 
2022 18 
553 967 
789 21 
264 562 
1322 1450 
1950 1789 
1171 70 
1406 1789 
209 8 
1648 1594 
839 1790 
223 1578 
651 16 
1431 500 
1372 5 
254 23 
2201 8 
405 2436 
1889 1084 
489 1232 
306 967 
355 16 
85 16 
1589 3 
457 30 
1504 2 
1312 1202 
849 1902 
1160 1790 
1695 2436 
1208 24 
1078 1957 
1177 30 
1549 967 
397 967 
885 18 
2448 13 
173 0 
2391 1 
1241 2 
1183 1578 
912 9 
1581 0 
137 5 
951 967 
2042 967 
348 23 
1637 2436 
2110 7 
42 24 
161 21 
431 6 
2094 24 
155 27 
2281 1 
2059 1847 
63 171 
2084 2249 
869 27 
574 10 
103 26 
2251 1833 
1654 171 
1434 2436 
2028 1232 
1273 53 
900 133 
1836 14 
186 24 
715 24 
1968 15 
2374 18 
1535 17 
1506 13 
837 21 
2023 2 
1726 29 
1445 967 
863 15 
1560 24 
1419 1833 
1970 1957 
2378 4 
1256 21 
1469 26 
1436 374 
1325 449 
497 16 
1823 1382 
1696 8 
754 12 
2131 21 
1738 1980 
832 13 
2067 23 
1713 20 
1503 1 
2227 16 
914 9 
526 2249 
2271 9 
762 10 
250 1833 
2211 24 
1577 1789 
84 19 
1087 32 
117 28 
243 8 
1559 29 
192 57 
919 32 
2158 3 
1993 15 
987 1 
356 2436 
562 568 
642 989 
2332 2118 
2225 1594 
428 19 
2190 21 
65 4 
1389 1578 
1759 25 
2219 1084 
612 53 
788 1594 
1609 1976 
1769 16 
783 2436 
1415 374 
1052 2436 
886 2249 
971 2 
396 334 
8 370 
1536 1309 
551 5 
2450 53 
2072 24 
1390 26 
115 29 
105 2436 
2442 4 
1466 1507 
313 19 
1773 15 
2244 1957 
2044 967 
1490 30 
2447 1594 
1353 29 
1808 1 
271 1790 
1047 19 
725 1790 
1657 53 
805 1594 
897 1790 
1893 21 
743 28 
2220 1232 
610 967 
2234 70 
1687 1 
1863 781 
2248 19 
317 1 
2144 2 
1706 30 
1355 1232 
125 9 
35 30 
1626 8 
572 1 
1852 9 
1718 25 
1092 791 
1268 1902 
846 27 
798 1833 
1295 2436 
1280 1823 
110 92 
770 1980 
1877 374 
1083 1594 
1909 8 
1145 1 
1105 21 
2297 967 
1787 14 
1342 772 
2366 1578 
1018 10 
1876 32 
955 29 
118 34 
2294 34 
584 13 
1671 22 
1817 2249 
655 10 
64 21 
629 334 
1679 1957 
87 21 
623 374 
777 108 
67 92 
1210 29 
2361 20 
891 5 
1104 10 
959 2062 
779 2389 
365 11 
427 1790 
1634 30 
2083 26 
1472 14 
1046 25 
582 659 
1306 579 
2027 28 
2137 53 
671 787 
303 1 
922 92 
2258 7 
2323 2436 
2252 1 
949 23 
56 73 
2392 7 
1170 1833 
61 5 
2076 1 
436 30 
1337 29 
263 28 
112 1578 
1845 29 
857 1232 
1316 25 
1736 53 
1027 967 
294 2 
1007 32 
661 1232 
231 23 
86 30 
1393 967 
2018 6 
305 24 
611 32 
1791 1789 
1832 0 
1341 7 
506 1967 
1404 28 
211 11 
1102 4 
2100 781 
132 5 
1519 1790 
1574 2436 
720 16 
541 967 
398 94 
1159 13 
2312 29 
631 13 
1432 14 
2019 1790 
1311 967 
624 16 
1645 3 
2125 1 
2017 23 
806 53 
167 4 
1869 8 
1103 24 
315 0 
2099 1594 
1793 53 
1668 1833 
242 3 
1744 29 
2375 1 
2260 1790 
2048 13 
1901 3 
881 8 
2445 2089 
1908 1605 
323 1232 
1971 1790 
2026 77 
1749 1 
1767 1578 
1420 15 
599 1594 
1168 30 
2113 29 
792 20 
2353 4 
1352 1833 
1660 2206 
1050 967 
1442 53 
1285 579 
1388 12 
617 25 
1685 1594 
1739 7 
2340 11 
784 7 
2153 374 
2149 1957 
917 562 
2379 14 
108 666 
1494 1789 
1131 25 
866 7 
144 25 
1722 20 
153 4 
82 26 
1935 1833 
542 2 
2301 7 
380 1789 
838 20 
2172 593 
1220 2249 
2350 0 
149 30 
